1600
455
1762
233
500
1174
1227
510
561
155
331
1953
1073
1685
459
1503
1665
1243
112
1419
1940
711
944
941
1373
1406
440
42
736
1802
651
1534
1424
586
543
709
1862
1364
190
1732
1336
4
483
196
713
1236
932
1531
601
58
1806
1894
434
1000
1432
60
1815
1292
984
1767
1310
1197
1145
1523
1442
1200
309
284
871
923
1486
572
803
1777
1959
438
849
495
1594
299
1303
653
249
110
217
1944
491
1237
134
1911
1694
1727
1391
208
1850
1898
1238
1252
1992
65
1704
1507
287
763
391
211
708
862
1623
750
114
1206
1928
1083
1215
530
765
1469
1070
1599
627
1991
475
301
1438
533
592
1112
1625
1895
1476
1807
670
844
1863
893
942
614
1633
286
1933
1889
477
149
1136
1289
279
937
1580
441
1993
22
869
1295
1193
2000
337
1611
1968
1287
1866
899
204
183
1796
1622
1146
408
1020
9
610
1485
912
1706
1164
786
616
1400
1045
449
187
1756
1558
805
733
812
1084
1536
1626
1308
1731
401
1848
1177
181
1088
1461
1007
1058
358
121
230
1404
1764
304
392
565
666
1516
1791
138
212
1498
1763
1479
504
566
754
1210
280
1444
1003
96
700
1313
1910
399
1017
1167
993
730
933
1559
950
1029
1606
1099
1213
1311
364
1860
293
1620
1698
1741
38
1441
1515
880
1582
1963
1191
1673
842
1159
638
1168
1790
546
1682
839
167
556
378
856
1091
342
1521
632
771
1567
1384
884
272
317
896
82
1318
769
1426
1715
1332
336
136
1107
1990
327
1854
525
1010
1350
1532
1663
1130
527
137
792
1203
1750
1300
629
1326
526
1700
499
1577
1618
448
404
1590
433
800
1399
467
1918
1097
1876
1710
872
1004
1062
834
620
1495
1028
748
802
1908
1398
695
1597
1793
1055
1839
1054
1157
1688
1666
501
470
1538
1527
1811
966
413
1757
1659
271
463
1581
1315
1027
1487
1472
1987
685
411
1463
1642
1124
1125
768
1118
451
718
116
1327
584
1395
1109
851
260
44
747
1187
174
516
1881
19
1628
93
1899
1435
1179
694
1152
351
68
916
198
33
1113
772
661
588
1184
1220
1355
361
1331
1380
84
1826
1864
86
995
474
115
677
59
216
221
617
1319
1744
310
143
1724
194
807
1785
1352
70
120
218
329
1396
1104
1244
1382
1270
480
365
450
485
1094
853
11
1752
1149
1878
1022
1585
199
704
1517
1063
1141
1792
1340
519
900
1030
1158
1758
256
487
1379
1114
1961
133
710
1405
428
857
1723
914
905
1372
1541
1069
604
1761
1085
859
1205
1922
315
1584
407
1324
1942
1453
1891
657
289
1075
1256
1280
191
394
1823
1293
234
1518
1751
822
231
1250
192
488
1383
1276
789
1076
675
1855
1960
712
324
755
1827
1561
1491
359
250
1257
1183
1858
764
1305
1343
1008
696
427
1245
945
5
170
29
1759
840
870
1306
1192
924
1733
431
1649
1819
622
927
421
1965
489
338
1285
1890
1679
91
381
23
1013
505
766
1883
1588
1952
410
1100
1999
1705
720
1042
484
1552
514
402
446
292
412
127
202
1481
1047
1979
30
117
1780
511
570
1458
193
705
1661
1428
476
1569
1196
654
1539
1512
345
1269
726
319
996
623
1522
1981
1743
523
3
1931
1484
99
724
1702
254
1204
890
1147
348
882
648
77
169
1290
1416
111
740
1648
179
24
128
1417
783
873
1475
108
1934
1941
581
913
1736
184
1829
1800
743
386
1202
1912
1989
395
843
539
703
223
1024
1722
602
997
841
1930
1014
585
1217
782
777
973
197
316
1359
919
1471
1593
1302
794
1753
236
390
1169
323
1699
1497
512
1182
1669
1635
1446
646
1388
1074
1544
825
965
663
832
1946
636
1972
1090
85
1499
87
490
553
922
1148
439
1851
1613
1268
1714
775
833
917
829
1734
866
1598
31
727
639
865
1616
1845
1631
1137
340
1782
1708
1429
1393
667
1950
860
951
1652
369
599
1072
1368
693
735
1783
460
1943
1902
101
1832
827
1263
21
1178
1903
1615
1812
142
1543
1770
645
1234
931
781
734
353
1314
497
1646
930
1043
1044
838
1376
1480
1348
1344
1906
1525
985
1977
1460
1877
507
347
1357
334
385
656
613
1830
702
867
1505
1730
791
699
1921
140
1459
1592
962
1504
908
671
432
1506
34
1462
312
220
1322
296
1658
649
320
981
596
1689
186
1755
1776
97
717
878
1500
741
1574
246
1974
1836
1875
746
1019
1262
1490
1037
1358
1079
918
1086
1831
341
1439
784
555
180
1345
819
609
888
166
817
534
876
669
456
226
991
1333
665
612
915
36
1526
975
799
1632
1339
715
642
469
678
454
41
542
1937
1664
1411
222
1693
1363
1317
362
947
1838
1948
1607
706
589
92
1225
468
1049
376
1283
1271
795
436
680
1997
269
1604
162
728
551
1760
1647
521
837
1650
753
1697
544
393
626
400
1555
836
1448
611
420
1415
172
1172
281
664
153
1681
1533
1165
273
1676
881
1161
16
95
297
464
1464
537
910
673
520
679
1116
1926
1142
126
1703
1421
1102
72
1181
848
562
1009
506
1721
481
1976
1511
261
1328
1409
1653
569
285
185
1799
1255
1879
267
1638
1092
214
424
635
1980
100
457
163
935
1134
62
1
141
53
210
970
1194
1173
1579
1984
1035
547
430
892
207
1872
1798
176
563
1513
579
37
255
1971
1186
798
1787
1677
752
335
1309
1888
1482
796
1549
887
1447
159
835
130
885
1155
1077
294
1712
1117
435
963
1247
1551
1657
874
244
277
1229
1509
1601
729
1342
298
1012
744
1111
1641
1570
443
1330
1140
575
960
1060
983
1735
1720
1304
977
1985
388
1440
262
1166
1338
732
1651
195
66
1571
1312
384
701
631
465
1299
1038
295
189
1917
607
1621
1719
363
1949
69
265
1127
1288
243
1927
346
968
590
344
1667
814
545
1546
1954
574
658
76
1524
152
974
1740
274
528
1335
15
595
903
1683
1627
122
1224
1983
1994
1520
1956
1316
603
1909
241
1248
600
573
1630
821
1672
1367
258
1913
1201
815
52
237
1279
1644
1150
1267
1341
1871
624
593
906
1180
911
1231
1251
1754
1768
986
333
920
379
422
1087
1473
660
758
767
608
1175
953
326
1988
1900
1656
961
1660
1369
1572
1133
895
1402
1919
725
988
1995
156
1884
1371
1089
311
303
1433
1840
524
1414
151
1041
926
971
1412
774
1235
858
538
1711
1277
275
580
1717
1565
980
1609
1347
806
1562
850
1610
1923
118
382
1772
790
535
928
389
1071
1748
1427
1809
283
458
7
1986
826
582
139
897
98
1452
967
659
1886
816
522
1870
1769
1560
683
1765
1110
583
1907
1619
990
1510
1253
1407
1101
168
889
1365
684
804
731
682
662
1119
1844
1668
982
409
1675
788
1843
229
987
1496
343
1636
1272
1747
1105
1982
681
1795
1230
242
1123
1378
473
1865
619
383
1537
1298
1678
998
907
1036
48
737
1542
1905
707
1690
1259
1450
357
145
308
109
785
498
894
940
171
1547
1566
739
1018
32
332
745
1188
1742
1557
1132
1788
668
1674
1920
1370
787
1128
1887
503
749
797
302
691
144
224
1354
1773
1121
824
452
288
349
322
515
811
898
56
282
1214
1801
877
300
1260
1162
1797
396
89
1794
1508
215
1080
813
178
1556
577
1494
1051
863
1684
1869
650
1325
1739
938
1375
861
1410
1935
690
164
1587
1969
368
228
1242
1483
904
1385
1211
1477
160
371
1540
57
1978
1589
1066
1240
548
28
268
875
615
1808
1617
1403
618
1115
54
1816
1321
1254
264
1696
571
1171
257
417
576
567
1728
1821
75
83
1052
549
239
471
716
40
248
177
1915
1078
64
1966
529
625
1301
1392
79
375
1583
219
721
1143
25
1834
1456
948
479
1221
1553
1241
1065
1929
1573
517
1964
291
1026
1725
1970
423
809
508
276
952
1139
398
1825
818
494
1545
773
49
1195
1548
278
891
1153
757
1108
1529
88
426
1436
1323
1275
26
1185
307
1160
1189
1353
1284
1351
266
1389
1216
1219
1639
509
1046
1156
355
61
1874
1779
1361
1033
1258
1061
496
74
1586
742
959
854
972
14
956
203
1390
1386
957
1975
113
1835
1053
864
1824
1198
173
305
992
165
1431
1423
45
1766
808
1695
1082
1945
1040
1467
1126
1422
1209
994
793
559
39
418
1749
132
1103
1608
1957
686
1031
397
493
1488
1093
1817
1337
820
1034
71
697
1246
1892
377
437
1554
403
1671
105
810
1223
78
131
1232
1349
147
213
354
1856
1738
406
946
540
1443
373
238
605
352
1466
1893
124
387
227
1822
1096
63
676
738
999
1939
1996
1519
1614
1377
157
313
1775
372
868
1120
587
1896
429
598
1374
541
51
722
1286
80
1381
714
492
1489
1265
209
845
1692
35
1281
958
761
531
314
1925
123
1924
1095
366
1249
1266
634
1973
360
1064
478
328
81
1550
594
175
1455
462
461
1847
444
879
356
1803
1603
1842
532
1707
1873
1006
1437
1804
18
1837
1786
1962
640
1050
1356
106
1048
762
1849
1737
1228
1208
1528
1936
1059
1067
6
1296
1998
1624
1612
1938
148
847
630
1535
759
1413
1334
1805
1057
1514
125
1470
939
1001
1218
1239
67
1789
47
1445
73
934
201
1662
1774
954
370
270
1713
557
103
225
161
558
1068
50
801
943
55
1320
1011
1420
1056
929
90
453
1640
1578
1501
1233
1025
1474
1967
1629
1122
1454
1023
760
1868
633
823
1329
688
235
969
104
1081
1457
1852
1818
1955
1670
1654
1366
1745
1591
154
415
1098
306
1212
628
643
564
119
964
102
1307
1958
1709
1401
637
1680
560
290
1828
1605
1596
831
405
1163
1151
1021
150
252
830
689
909
652
1493
1492
1408
1880
466
672
182
13
1771
1576
1867
1563
1916
1820
1564
1465
1645
1691
976
27
1297
1502
419
606
247
578
1857
936
325
1718
330
146
1885
1778
1425
1170
12
1449
1226
1154
1781
1222
445
425
1015
1634
886
1814
17
374
1901
1207
321
1595
852
1746
1951
1199
1451
550
692
828
855
20
925
129
1294
1387
240
597
1904
641
552
1602
1897
955
2
719
1291
902
1810
1914
756
536
1282
1478
1362
259
1932
978
1039
949
989
502
1784
1360
1138
107
1468
591
206
245
442
1261
232
1346
205
1947
135
778
1853
188
901
1729
723
1264
1434
698
46
647
513
846
751
1813
10
253
1273
1726
1643
1005
1686
1568
263
200
1129
1418
921
1841
414
1131
655
251
1687
1032
776
554
1190
1144
486
447
380
158
1833
1846
1716
482
1397
472
1430
518
416
644
1861
979
367
1655
1575
621
1274
1882
94
43
1278
883
318
1394
1016
1637
1176
770
339
1002
350
1106
8
568
779
1701
674
780
1859
687
1135
1530